,Country,1990,1991,1992,1993,1994,1995,1996,1997,1998,1999,2000,2001,2002,2003,2004,2005,2006,2007,2008,2009,2010,2011,2012,2013,2014,2015,2016
49,Algeria,17,19,19,21,21,21,22,23,25,27,28,29,30,32,33,36,38,40,43,41,48,56,62,65,71,76,78
30,Argentina,51,54,56,62,65,67,70,72,74,81,89,90,84,92,100,106,107,108,122,122,126,130,136,139,142,154,156
46,Australia,155,157,160,164,167,173,178,183,195,204,210,225,228,222,230,229,233,243,243,249,253,254,251,250,248,252,257
6,Belgium,71,72,72,71,72,74,76,79,83,85,84,80,82,85,86,87,86,89,85,91,95,90,83,84,73,68,84
31,Brazil,223,234,242,252,260,276,291,308,322,335,349,329,346,364,387,403,419,445,463,466,516,532,553,571,591,582,580
27,Canada,482,509,520,532,556,560,573,574,562,579,606,590,601,590,600,622,607,627,629,606,596,630,633,661,656,659,643
32,Chile,18,20,22,24,25,28,31,33,36,38,40,43,44,47,51,52,55,59,60,61,60,66,70,73,74,76,77
37,China,621,678,754,838,928,1008,1080,1136,1168,1240,1356,1481,1654,1911,2204,2500,2866,3282,3467,3715,4208,4716,4994,5447,5679,5696,6015
33,Colombia,36,37,33,39,41,43,43,45,45,43,43,43,45,47,50,50,54,55,56,57,59,61,62,69,70,83,82
8,France,421,456,464,473,477,494,513,505,511,526,540,550,559,567,574,576,575,569,574,536,569,561,566,572,563,568,553
9,Germany,550,540,537,526,529,537,555,552,556,556,577,586,587,609,617,623,639,641,640,596,633,613,630,639,628,652,653
38,India,293,319,337,361,391,424,443,473,504,546,570,588,611,651,684,716,774,824,848,917,979,1075,1123,1193,1287,1345,1423
39,Indonesia,33,37,42,45,51,59,68,75,78,86,93,101,108,113,120,128,133,142,149,157,170,183,200,216,229,234,249
10,Italy,217,222,226,223,232,241,244,251,260,266,277,279,285,294,303,304,314,314,319,293,302,303,299,290,280,285,288
40,Japan,882,911,917,926,984,1011,1030,1055,1060,1079,1100,1083,1103,1093,1121,1139,1140,1164,1108,1075,1148,1082,1064,1066,1041,1015,1013
21,Kazakhstan,87,86,83,77,66,67,59,52,49,47,51,57,58,64,67,68,72,77,80,79,83,87,93,103,105,101,104
55,Kuwait,18,11,17,20,23,24,25,27,30,32,32,34,36,40,41,44,48,49,52,53,57,57,63,61,65,68,71
41,Malaysia,23,27,29,35,39,45,51,58,61,65,69,71,74,78,82,83,90,98,98,116,125,129,134,138,147,151,164
34,Mexico,116,129,133,136,147,152,158,167,182,192,206,214,218,236,238,251,258,265,269,268,276,303,307,297,301,307,310
11,Netherlands,72,74,77,77,80,81,85,87,91,87,90,94,96,97,101,100,99,105,108,114,119,114,103,102,103,110,115
47,New Zealand,32,33,33,34,35,36,36,37,38,38,39,40,41,41,43,43,44,44,44,43,45,44,44,43,44,44,44
51,Nigeria,13,14,15,15,16,16,16,16,15,16,15,15,22,20,24,24,23,23,21,20,26,27,29,29,30,33,30
18,Norway,122,111,118,120,113,123,105,112,117,123,143,122,131,107,111,138,122,137,142,132,124,128,148,134,142,145,150
12,Poland,136,135,133,134,135,139,143,143,143,142,145,146,144,152,154,157,162,159,155,152,158,164,162,165,159,165,165
13,Portugal,29,30,30,31,31,33,35,34,39,43,44,47,46,47,45,47,49,47,46,50,54,52,47,52,53,52,61
14,Romania,64,57,54,55,55,59,61,57,53,51,52,54,55,55,56,59,63,62,65,58,61,62,59,59,66,68,68
56,Saudi Arabia,69,74,82,91,94,98,101,108,115,119,126,134,142,153,160,176,181,191,204,217,240,250,272,284,312,325,327
52,South Africa,167,168,168,175,182,187,202,210,205,203,211,210,221,234,245,245,254,263,258,250,260,263,258,256,253,248,250
15,Spain,152,156,159,157,162,167,174,190,195,208,224,236,245,261,280,294,299,305,314,295,302,294,298,286,279,280,275
16,Sweden,147,147,146,146,143,148,141,149,159,155,145,162,147,135,152,158,143,149,150,137,149,150,167,153,154,162,155
44,Thailand,44,50,57,63,71,80,90,93,90,90,96,102,109,117,126,132,139,143,147,148,160,156,167,170,174,178,180
19,Turkey,58,60,67,74,78,86,95,103,111,116,125,123,129,141,151,162,176,192,198,195,211,229,239,240,252,260,274
23,Ukraine,299,279,253,230,203,194,183,178,173,172,171,173,174,180,182,186,193,196,193,174,189,195,199,194,183,164,164
57,United Arab Emirates,17,17,19,22,24,25,27,28,33,37,40,43,47,49,52,61,67,76,86,91,98,99,103,106,110,117,132
17,United Kingdom,320,323,321,323,326,334,351,351,363,368,377,385,387,398,394,398,397,397,389,377,382,367,364,359,339,340,339
28,United States,3219,3276,3291,3411,3473,3582,3677,3698,3830,3898,4053,3865,4051,4082,4175,4294,4301,4350,4368,4188,4378,4349,4291,4306,4339,4325,4327
24,Uzbekistan,56,54,51,49,48,47,45,46,46,45,47,48,49,49,50,49,51,49,49,50,52,52,53,54,55,57,59
