,Unnamed: 0,Unnamed: 1,Unnamed: 2,Unnamed: 3,1990,1991,1992,1993,1994,1995,1996,1997,1998,1999,2000,2001,2002,2003,2004,2005,2006,2007,2008,2009,2010,2011,2012,2013,2014,2015,2016
4,Argentina,AR,Total,24 - Environmental technology,6.0,6.0,5.0,49.0,25.0,18.0,,,,,,,,,,,,,,,,,,,,,
6,Australia,AU,Total,24 - Environmental technology,159.0,189.0,183.0,164.0,170.0,167.0,136.0,136.0,195.0,178.0,171.0,201.0,165.0,134.0,145.0,101.0,86.0,99.0,149.0,165.0,251.0,293.0,284.0,258.0,285.0,362.0,409.0
9,Brazil,BR,Total,24 - Environmental technology,,,,,,,,,,,3.0,,3.0,1.0,5.0,3.0,4.0,1.0,10.0,44.0,65.0,72.0,55.0,50.0,39.0,49.0,66.0
11,Canada,CA,Total,24 - Environmental technology,187.0,186.0,297.0,245.0,183.0,130.0,91.0,85.0,141.0,245.0,206.0,174.0,205.0,145.0,195.0,254.0,212.0,279.0,271.0,302.0,280.0,285.0,335.0,394.0,354.0,373.0,458.0
12,China,CN,Total,24 - Environmental technology,,,,49.0,60.0,42.0,69.0,52.0,60.0,76.0,172.0,220.0,359.0,606.0,833.0,881.0,1065.0,1169.0,1369.0,1962.0,1915.0,3409.0,4739.0,5202.0,5333.0,7653.0,9144.0
25,France,FR,Total,24 - Environmental technology,182.0,188.0,164.0,123.0,231.0,231.0,196.0,234.0,215.0,201.0,183.0,193.0,189.0,174.0,184.0,180.0,282.0,263.0,230.0,200.0,208.0,260.0,257.0,243.0,265.0,311.0,217.0
28,Germany,DE,Total,24 - Environmental technology,245.0,239.0,235.0,254.0,269.0,214.0,239.0,227.0,230.0,200.0,183.0,187.0,209.0,181.0,252.0,273.0,276.0,301.0,279.0,201.0,182.0,160.0,261.0,293.0,262.0,256.0,291.0
33,Indonesia,ID,Total,24 - Environmental technology,,,,,,,6.0,,,,,,,,,,,,,,,,,,,,
35,Italy,IT,Total,24 - Environmental technology,143.0,61.0,45.0,55.0,86.0,108.0,139.0,152.0,178.0,124.0,57.0,79.0,83.0,102.0,1.0,,,,,,,6.0,40.0,41.0,,,
36,Japan,JP,Total,24 - Environmental technology,898.0,1025.0,1165.0,1254.0,1618.0,1541.0,1133.0,1515.0,1733.0,2056.0,1937.0,1880.0,2193.0,2219.0,2245.0,2371.0,2781.0,3008.0,2779.0,2922.0,3255.0,3539.0,3510.0,3282.0,3138.0,2577.0,2821.0
45,Malaysia,MY,Total,24 - Environmental technology,,,,,,,,,,,,,,16.0,35.0,36.0,68.0,74.0,23.0,33.0,28.0,30.0,37.0,48.0,46.0,55.0,49.0
47,Mexico,MX,Total,24 - Environmental technology,21.0,7.0,61.0,114.0,44.0,,,,,1.0,2.0,1.0,3.0,3.0,2.0,4.0,2.0,2.0,4.0,5.0,4.0,1.0,2.0,,2.0,1.0,117.0
50,Netherlands,NL,Total,24 - Environmental technology,21.0,15.0,14.0,16.0,15.0,10.0,33.0,74.0,85.0,70.0,68.0,52.0,64.0,60.0,49.0,36.0,59.0,61.0,46.0,44.0,54.0,57.0,63.0,78.0,44.0,34.0,49.0
53,Norway,NO,Total,24 - Environmental technology,48.0,51.0,45.0,49.0,36.0,44.0,25.0,54.0,66.0,47.0,33.0,30.0,45.0,50.0,35.0,46.0,44.0,35.0,14.0,19.0,25.0,35.0,25.0,26.0,28.0,25.0,36.0
57,Poland,PL,Total,24 - Environmental technology,82.0,88.0,142.0,106.0,120.0,109.0,105.0,60.0,61.0,78.0,76.0,58.0,59.0,34.0,34.0,72.0,48.0,96.0,97.0,89.0,85.0,68.0,51.0,64.0,80.0,54.0,107.0
58,Portugal,PT,Total,24 - Environmental technology,4.0,2.0,16.0,36.0,17.0,24.0,8.0,4.0,15.0,23.0,2.0,4.0,3.0,4.0,6.0,2.0,,11.0,7.0,1.0,5.0,1.0,1.0,6.0,1.0,2.0,
61,Romania,RO,Total,24 - Environmental technology,8.0,15.0,24.0,36.0,41.0,19.0,30.0,14.0,26.0,24.0,13.0,6.0,15.0,6.0,14.0,18.0,22.0,12.0,15.0,14.0,12.0,5.0,9.0,11.0,14.0,12.0,16.0
67,South Africa,ZA,Total,24 - Environmental technology,84.0,88.0,104.0,110.0,68.0,70.0,116.0,103.0,101.0,96.0,49.0,53.0,64.0,88.0,79.0,60.0,73.0,67.0,125.0,81.0,120.0,48.0,113.0,90.0,75.0,17.0,
69,Spain,ES,Total,24 - Environmental technology,49.0,47.0,37.0,19.0,25.0,22.0,30.0,26.0,49.0,48.0,50.0,52.0,29.0,43.0,57.0,59.0,52.0,65.0,63.0,67.0,72.0,79.0,56.0,72.0,78.0,58.0,74.0
70,Sweden,SE,Total,24 - Environmental technology,,1.0,,,28.0,34.0,42.0,55.0,62.0,55.0,41.0,46.0,54.0,55.0,70.0,40.0,36.0,23.0,27.0,18.0,35.0,29.0,52.0,36.0,25.0,31.0,44.0
73,Turkey,TR,Total,24 - Environmental technology,7.0,11.0,10.0,17.0,12.0,30.0,15.0,7.0,,,,,,,,,,,,,,,,,,,
74,Ukraine,UA,Total,24 - Environmental technology,,,1.0,,,,,,,1.0,5.0,15.0,32.0,68.0,150.0,41.0,44.0,86.0,90.0,89.0,78.0,115.0,68.0,92.0,56.0,55.0,54.0
75,United Kingdom,GB,Total,24 - Environmental technology,129.0,101.0,109.0,75.0,104.0,121.0,92.0,99.0,124.0,94.0,85.0,79.0,92.0,91.0,108.0,113.0,85.0,59.0,47.0,54.0,70.0,94.0,86.0,81.0,65.0,79.0,88.0
